date	male	female
1993	61.400002	58.5
1994	61.900002	57.799999
1995	63	58.299999
1996	63.099998	59.400002
1997	64.300003	60.200001
1998	64.5	60.400002
1999	64.900002	60.299999
2000	64.900002	60
2001	64.900002	60
2002	63.799999	60.200001
2003	63	59.099998
2004	63	59.200001
2005	61.400002	57.5
2006	60.099998	57.599998
2007	59.400002	56.299999
2008	58.200001	55.5
2009	52.299999	52.099998
2010	51.599998	50.299999
2011	50	49.5
2012	50.400002	50.299999
2013	50.099998	50.200001
2014	52	52.099998
2015	54.299999	53.799999
2016	54.5	55.200001
2017	54.599998	54.700001
2018	52	51.6
